268715533|268715020|268714508|268712973|268712716|268712204|268711692|268710156|268709901|268707596|268706317|268706060|268705805_20 : A. FRANCE
268715542|268715029|268714517|268712982|268712725|268712213|268711701|268710165|268709910_49 : BANJAN
268715551|268715040|268714526|268712991|268712736|268712222|268711711|268710173|268709918_783 : BELLEVUE
268715531|268715018|268714506|268712971|268712714|268712202|268711690|268710154|268709899|268707594|268706315|268706058|268705803_166 : CHAUMARD
268715530|268715017|268714505|268712970|268712713|268712201|268711689|268710153|268709898|268707593|268706314|268706057|268705802_180 : CIM. ST GEORGES
268715548|268715037|268714523|268712988|268712733|268712219|268711708|268710170|268709915_208 : COPENHAGUE
268715541|268715028|268714516|268712981|268712724|268712212|268711700|268710164|268709909|268707604|268706068|268705813_234 : DELAGENIERE
268715534|268715021|268714509|268712974|268712717|268712205|268711693|268710157|268709902|268707597|268706318|268706061|268705806_246 : EDF GDF
268715546|268715035|268714521|268712986|268712731|268712217|268710168|268709913_251 : EGLISE
268715537|268715024|268714512|268712977|268712720|268712208|268711696|268710160|268709905|268707600|268706321|268706064|268705809_258 : EPERON
268715547|268715036|268714522|268712987|268712732|268712218|268711707|268710169|268709914_276 : EUROPE
268715525|268715012|268714500|268712965|268712708|268712196|268711684|268710148|268709893|268707588|268706309|268706052|268705797_294 : FOLLERAY
268715536|268715023|268714511|268712976|268712719|268712207|268711695|268710159|268709904|268707599|268706320|268706063|268705808_349 : HALLES
268715539|268715026|268714514|268712979|268712722|268712210|268711698|268710162|268709907|268707602|268706066|268705811_364 : JACOBINS
268715545|268714520|268712985|268712216|268710167|268709912_391 : LA PAIX
268715524|268715011|268714499|268712964|268712707|268712195|268711683|268710147|268709892|268707587|268706308|268706051|268705796_402 : LE CLOS
268715550|268715039|268714525|268712990|268712735|268712221|268711710|268710172|268709917_417 : LEON TOLSTOI
268715538|268715025|268714513|268712978|268712721|268712209|268711697|268710161|268709906|268707601|268706065|268705810_450 : MAIRIE
268715535|268715022|268714510|268712975|268712718|268712206|268711694|268710158|268709903|268707598|268706319|268706062|268705807_470 : MEDIATHEQUE
268715523|268715010|268714498|268712963|268712706|268712194|268711682|268710146|268709891|268707586|268706307|268706050|268705795_944 : MONTAIGU
268715529|268715016|268714504|268712969|268712712|268712200|268711688|268710152|268709897|268707592|268706313|268706056|268705801_526 : PAGES
268715543|268715030|268714518|268712983|268712726|268712214|268711702|268710166|268709911_530 : PALMIERS
268715549|268715038|268714524|268712989|268712734|268712220|268711709|268710171|268709916_795 : P.L JACQUES
268715526|268715013|268714501|268712966|268712709|268712197|268711685|268710149|268709894|268707589|268706310|268706053|268705798_643 : RUE DU LOIR
268715521|268712961|268709889|268706305|268705793_222 : SAINT JOSEPH
268715532|268715019|268714507|268712972|268712715|268712203|268711691|268710155|268709900|268707595|268706316|268706059|268705804_691 : SAINT LAZARE
268715544|268715031|268714519|268712984|268712727|268712215|268711703_700 : ST MICHEL
268715540|268715027|268714515|268712980|268712723|268712211|268711699|268710163|268709908|268707603|268706067|268705812_703 : ST VINCENT
268715522|268715009|268714497|268712962|268712705|268712193|268711681|268710145|268709890|268707585|268706306|268706049|268705794_948 : ST.GEORGES
268715528|268715015|268714503|268712968|268712711|268712199|268711687|268710151|268709896|268707591|268706312|268706055|268705800_709 : FERNAND TAVANO
268715527|268715014|268714502|268712967|268712710|268712198|268711686|268710150|268709895|268707590|268706311|268706054|268705799_169 : VIEUX COLOMBIER
