268748566|268748055|268747542|268747031|268746774|268746518|268746005|268745237|268744726|268743444|268743188|268740624|268739847|268739601|268739345_13 : ACACIAS
268748555|268748044|268747531|268747020|268746763|268746507|268745994|268745226|268744715|268743433|268743177_50 : BANJAN
268748545|268748033|268747521|268747009|268746753|268746497_783 : BELLEVUE
268748546|268748034|268747522|268747010|268746754|268746498_599 : BELLEVUE
268748567|268748056|268747543|268747032|268746775|268746519|268746006|268745238|268744727|268743445|268743189|268740625|268739848|268739602|268739346_167 : CHAUMARD
268748568|268748057|268747544|268747033|268746776|268746520|268746007|268745239|268744728|268743446|268743190|268740626|268739849|268739603|268739347_181 : CIM. ST GEORGES
268748564|268748053|268747540|268747029|268746772|268746516|268746003|268745235|268744724|268743442|268743186|268740622|268739845|268739599|268739343_203 : COLONEL RAYNAL
268748549|268748037|268747525|268747013|268746757|268746501|268745988|268745220|268744708|268743428|268743172_209 : COPENHAGUE
268748576|268746528|268746015|268743198|268739857|268739355_942 : CROIX GEORGETTE
268748556|268748045|268747532|268747021|268746764|268746508|268745995|268745227|268744716|268743434|268743178|268740614|268739591|268739335_233 : DELAGENIERE
268748551|268747527|268746759|268746503|268745990|268745222|268743430|268743174_252 : EGLISE
268748560|268748049|268747536|268747025|268746768|268746512|268745999|268745231|268744720|268743438|268743182|268740618|268739841|268739595|268739339_257 : EPERON
268748550|268748038|268747526|268747014|268746758|268746502|268745989|268745221|268744709|268743429|268743173_277 : EUROPE
268748570|268748059|268747546|268747035|268746778|268746522|268746009|268745241|268744730|268743448|268743192|268740628|268739851|268739605|268739349_710 : FERNAND TAVANO
268748573|268748062|268747549|268747038|268746781|268746525|268746012|268745244|268744733|268743451|268743195|268740631|268739854|268739608|268739352_295 : FOLLERAY
268748561|268748050|268747537|268747026|268746769|268746513|268746000|268745232|268744721|268743439|268743183|268740619|268739842|268739596|268739340_350 : HALLES
268748558|268748047|268747534|268747023|268746766|268746510|268745997|268745229|268744718|268743436|268743180|268740616|268739593|268739337_362 : JACOBINS
268748552|268747528|268746760|268746504|268745991|268745223|268743431|268743175_392 : LA PAIX
268748574|268748063|268747550|268747039|268746782|268746526|268746013|268745245|268744734|268743452|268743196|268740632|268739855|268739609|268739353_403 : LE CLOS
268748547|268748035|268747523|268747011|268746755|268746499|268745986|268745218|268744706|268743426|268743170_418 : LEON TOLSTOI
268748559|268748048|268747535|268747024|268746767|268746511|268745998|268745230|268744719|268743437|268743181|268740617|268739594|268739338_451 : MAIRIE
268748562|268748051|268747538|268747027|268746770|268746514|268746001|268745233|268744722|268743440|268743184|268740620|268739843|268739597|268739341_471 : MEDIATHEQUE
268748575|268748064|268747551|268747040|268746783|268746527|268746014|268745246|268744735|268743453|268743197|268740633|268739856|268739610|268739354_945 : MONTAIGU
268748548|268748036|268747524|268747012|268746756|268746500|268745987|268745219|268744707|268743427|268743171_793 : P.L JACQUES
268748569|268748058|268747545|268747034|268746777|268746521|268746008|268745240|268744729|268743447|268743191|268740627|268739850|268739604|268739348_527 : PAGES
268748554|268748043|268747530|268747019|268746762|268746506|268745993|268745225|268744714|268743432|268743176_531 : PALMIERS
268748563|268748052|268747539|268747028|268746771|268746515|268746002|268745234|268744723|268743441|268743185|268740621|268739844|268739598|268739342_578 : PONT DES TABACS
268748572|268748061|268747548|268747037|268746780|268746524|268746011|268745243|268744732|268743450|268743194|268740630|268739853|268739607|268739351_644 : RUE DU LOIR
268748577|268746529|268746016|268743199|268739858|268739356_222 : SAINT JOSEPH
268748565|268748054|268747541|268747030|268746773|268746517|268746004|268745236|268744725|268743443|268743187|268740623|268739846|268739600|268739344_692 : SAINT LAZARE
268748553|268748042|268747529|268747018|268746761|268746505|268745992|268745224|268744713_701 : ST MICHEL
268748557|268748046|268747533|268747022|268746765|268746509|268745996|268745228|268744717|268743435|268743179|268740615|268739592|268739336_702 : ST VINCENT
268748065|268747552|268747041|268746784|268745247|268744736|268743454|268740634|268739611_948 : ST.GEORGES
268748571|268748060|268747547|268747036|268746779|268746523|268746010|268745242|268744731|268743449|268743193|268740629|268739852|268739606|268739350_170 : VIEUX COLOMBIER
