271662593|271660801|271659265|271658753|271653633|271652865|271652609|271651073|271647234_801 : ANTARES MMArena
271660548|271660292|271659524|271659012|271655940|271653124_851 : ATLANT.-SABLONS
271659790|271659027|271658516|271653653|271653381|271652110|271651092_841 : CADRAN-EPINE
271659792|271659029|271658518|271653655|271653383|271652112|271651094_845 : CAMPUS-RIBAY
271660549|271660293|271659525|271659013|271655941|271653125_849 : CHURCHILL
271650561|271650305|271650049|271649793|271647235|271646977_999 : DEPOT
271662598|271660806|271659270|271658758|271658501|271653638|271652870|271652614|271651077|271650566|271650310|271650054|271649798|271646982_811 : DURAND-VAILLANT
271660546|271660290|271659522|271659010|271655938|271653122_855 : EPAU-G.BERNISSON
271660558|271660302|271659785|271659280|271659022|271658768|271658511|271653648|271652105|271651087|271650064|271649808_831 : EPERON
271660545|271660289|271659521|271659009|271655937|271653121|271646989_857 : ESPAL
271660304|271659787|271659024|271658770|271658513|271653650|271653378|271652107|271651089|271649810_835 : GAMBETTA-MURIERS
271662604|271660554|271660298|271659781|271659276|271659018|271658764|271658507|271653644|271653130|271652620|271652101|271651083|271650316|271650060|271649804_823 : GARES
271662596|271660804|271659268|271658756|271658499|271653636|271652868|271652612|271651075|271650564|271650308|271650052|271649796|271646980_807 : GLONNIERES
271662597|271660805|271659269|271658757|271658500|271653637|271652869|271652613|271651076|271650565|271650309|271650053|271649797|271646981_809 : GOYA
271662594|271660802|271659266|271658754|271658497|271653634|271652866|271652610|271650562|271650306|271650050|271649794|271646978_803 : GUETTELOUP
271659791|271659028|271658517|271653654|271653382|271652111|271651093_843 : HAUTE VENELLE
271660306|271659789|271659026|271658772|271658515|271653652|271653380|271652109|271651091|271649812_839 : HOPITAL
271660547|271660291|271659523|271659011|271655939|271653123_853 : ILE AUX SPORTS
271662601|271660809|271660551|271660295|271659778|271659273|271659015|271658761|271658504|271653641|271653127|271652617|271652098|271651080|271650313|271650057|271649801_817 : JAURES-PAVILLON
271662595|271660803|271659267|271658755|271658498|271653635|271652867|271652611|271651074|271650563|271650307|271650051|271649795|271646979_805 : JULES RAIMU
271660559|271660303|271659786|271659281|271659023|271658769|271658512|271653649|271653377|271652106|271651088|271650065|271649809_833 : LAFAYETTE
271662605|271660555|271660299|271659782|271659277|271659019|271658765|271658508|271653645|271652102|271651084|271650061|271649805_825 : LECLERC-FLEURUS
271662599|271660807|271659271|271658759|271658502|271653639|271652871|271652615|271651078|271650567|271650311|271650055|271649799|271646983_813 : PONTLIEUE
271662606|271660556|271660300|271659783|271659278|271659020|271658766|271658509|271653646|271652103|271651085|271650062|271649806_827 : PREFECTURE
271660557|271660301|271659784|271659279|271659021|271658767|271658510|271653647|271652104|271651086|271650063|271649807_829 : REPUBLIQUE
271662600|271660808|271660550|271660294|271659777|271659526|271659272|271659014|271658760|271658503|271655942|271653640|271653126|271652872|271652616|271652097|271651079|271650568|271650312|271650056|271649800_815 : SAINT MARTIN
271660305|271659788|271659025|271658771|271658514|271653651|271653379|271652108|271651090|271649811_837 : THEODORE MONOD
271662602|271660552|271660296|271659779|271659274|271659016|271658762|271658505|271653642|271653128|271652618|271652099|271651081|271650314|271650058|271649802_819 : VIADUCS
271662603|271660553|271660297|271659780|271659275|271659017|271658763|271658506|271653643|271653129|271652619|271652100|271651082|271650315|271650059|271649803_821 : ZOLA
