271695636|271694857|271694604|271693841|271691032|271687688|271687180|271682072|271681282_802 : ANTARES MMArena
271695108|271694348|271692803|271688451|271687943|271682323_852 : ATLANT.-SABLONS
271694084|271691012|271689221|271688196|271687428|271686916|271686660|271682308|271682052_842 : CADRAN-EPINE
271694082|271691010|271689219|271688194|271687426|271686914|271686658|271682306|271682050_846 : CAMPUS-RIBAY
271695107|271694347|271692802|271688450|271687942|271682322_850 : CHURCHILL
271689241|271688972|271681281|271681037_999 : DEPOT
271695631|271694852|271694599|271693836|271691027|271689236|271688967|271687683|271687175|271686675|271682067|271681032_812 : DURAND-VAILLANT
271695110|271694350|271692805|271688453|271687945|271682325_856 : EPAU-G.BERNISSON
271694338|271694089|271693826|271691017|271689226|271687433|271686921|271686665|271682313|271682057_832 : EPERON
271694593|271692807|271681026_857 : ESPAL
271695111|271694351|271692806|271688454|271687946|271682326|271681025_858 : ESPAL
271694087|271691015|271689224|271688199|271687431|271686919|271686663|271682311|271682055_836 : GAMBETTA-MURIERS
271695625|271694342|271694093|271693830|271691021|271689230|271687437|271686925|271686669|271682317|271682061_824 : GARES
271695633|271694854|271694601|271693838|271691029|271689238|271688969|271687685|271687177|271686677|271682069|271681034_808 : GLONNIERES
271695632|271694853|271694600|271693837|271691028|271689237|271688968|271687684|271687176|271686676|271682068|271681033_810 : GOYA
271695635|271694856|271694603|271693840|271691031|271689240|271688971|271687687|271687179|271682071|271681036_804 : GUETTELOUP
271694083|271691011|271689220|271688195|271687427|271686915|271686659|271682307|271682051_844 : HAUTE VENELLE
271694085|271691013|271689222|271688197|271687429|271686917|271686661|271682309|271682053_840 : HOPITAL
271695109|271694349|271692804|271688452|271687944|271682324_854 : ILE AUX SPORTS
271695628|271694345|271694096|271693833|271691024|271689233|271688964|271687940|271687172|271686928|271686672|271682320|271682064_818 : JAURES-PAVILLON
271695634|271694855|271694602|271693839|271691030|271689239|271688970|271687686|271687178|271682070|271681035_806 : JULES RAIMU
271694088|271691016|271689225|271688200|271687432|271686920|271686664|271682312|271682056_834 : LAFAYETTE
271695624|271694341|271694092|271693829|271691020|271689229|271687436|271686924|271686668|271682316|271682060_826 : LECLERC-FLEURUS
271695630|271694851|271694598|271693835|271691026|271689235|271688966|271687682|271687174|271686674|271682066|271681031_814 : PONTLIEUE
271695623|271694340|271694091|271693828|271691019|271689228|271687435|271686923|271686667|271682315|271682059_828 : PREFECTURE
271694339|271694090|271693827|271691018|271689227|271687434|271686922|271686666|271682314|271682058_830 : REPUBLIQUE
271695629|271695106|271694850|271694346|271693834|271692801|271691025|271689234|271688965|271688449|271687941|271687681|271687173|271686929|271686673|271682321|271682065_816 : SAINT MARTIN
271694086|271691014|271689223|271688198|271687430|271686918|271686662|271682310|271682054_838 : THEODORE MONOD
271694081|271691009|271689218|271688193|271687425|271686913|271686657|271682305|271682049_848 : UNIVERSITE
271695627|271694344|271694095|271693832|271691023|271689232|271688963|271687939|271687171|271686927|271686671|271682319|271682063_820 : VIADUCS
271695626|271694343|271694094|271693831|271691022|271689231|271688962|271687938|271687170|271686926|271686670|271682318|271682062_822 : ZOLA
