271987467|271987209|271986955|271986699|271979522|271978507|271978249|271977995|271977739|271976706|271975947|271975435_973 : ANGEVINIERE
271987713|271987457|271986945|271986689|271979265|271979009|271978753|271978497|271977985|271977729|271975937|271975425_963 : BOIS JOLI
271987718|271987462|271987204|271986950|271986694|271979270|271979014|271978758|271978502|271978244|271977990|271977734|271975942|271975430_968 : CENTRE CULTUREL
271987714|271987458|271986946|271986690|271979266|271979010|271978754|271978498|271977986|271977730|271975938|271975426_964 : HAUTES METAIRIES
271987716|271987460|271987202|271986948|271986692|271979268|271979012|271978756|271978500|271978242|271977988|271977732|271975940|271975428_966 : HOP SPECIALISE
271987717|271987461|271987203|271986949|271986693|271979269|271979013|271978757|271978501|271978243|271977989|271977733|271975941|271975429_967 : KENNEDY
271987715|271987459|271987201|271986947|271986691|271979267|271979011|271978755|271978499|271978241|271977987|271977731|271975939|271975427_965 : LYCEE MALRAUX
271987719|271987463|271987205|271986951|271986695|271979271|271979015|271978759|271978503|271978245|271977991|271977735|271975943|271975431_969 : MAIRIE ALLONNES
271987721|271987465|271987207|271986953|271986697|271979017|271978761|271978505|271978247|271977993|271977737|271975945|271975433_971 : MARTIN BREGUET
271987211|271986701|271979524|271978251|271977741|271976708|271975949|271975437_975 : NOVAXUD
271987722|271987466|271987208|271986954|271986698|271976705|271975434_972 : PATTE D'OIE
271987210|271986956|271986700|271979523|271978250|271977996|271977740|271976707|271975948|271975436_974 : PECHEURS
271987720|271987464|271987206|271986952|271986696|271979272|271979016|271978760|271978504|271978246|271977992|271977736|271975944|271975432_970 : STADE GARNIER
