272022020|272021764|272021508|272021252|272020995|272013828|272013572|272013060|272012804|272012547|272010244|272009220_953 : ANGEVINIERE
272021005|272018954|272013322|272012557|272010254|272009230|272007433_977 : BOIS JOLI
272021513|272021257|272021000|272018949|272013317|272013065|272012809|272012552|272010249|272009225|272007428_958 : CENTRE CULTUREL
272022273|272022017|272021761|272021505|272021249|272010241_950 : GARES
272021004|272018953|272013321|272012556|272010253|272009229|272007432_962 : HAUTES METAIRIES
272021515|272021259|272021002|272018951|272013319|272013067|272012811|272012554|272010251|272009227|272007430_960 : HOP SPECIALISE
272021514|272021258|272021001|272018950|272013318|272013066|272012810|272012553|272010250|272009226|272007429_959 : KENNEDY
272021260|272021003|272018952|272013320|272012812|272012555|272010252|272009228|272007431_961 : LYCEE MALRAUX
272021512|272021256|272020999|272018948|272013316|272013064|272012808|272012551|272010248|272009224|272007427_957 : MAIRIE ALLONNES
272021766|272021510|272021254|272020997|272018946|272013574|272013314|272013062|272012806|272012549|272010246|272009222|272007425_955 : MARTIN BREGUET
272022274|272022018|272021762|272021506|272021250|272020993|272014082|272013826|272013570|272013058|272012802|272012545|272010242|272009218_951 : NOVAXUD
272022021|272021765|272021509|272021253|272020996|272018945|272010245_954 : PATTE D'OIE
272022275|272022019|272021763|272021507|272021251|272020994|272014083|272013827|272013571|272013059|272012803|272012546|272010243|272009219_952 : PECHEURS
272021511|272021255|272020998|272018947|272013315|272013063|272012807|272012550|272010247|272009223|272007426_956 : STADE GARNIER
